2026.5.7
001.png 48 800 260 255 254 252 255 1
002.png 36 1000 250 250 255 255 255 1
003.png 30 1480 420 13 46 26 255 0
004.png 36 1470 380 25 65 28 255 0
005.png 36 1550 320 255 255 255 255 1
006.png 48 780 470 18 53 46 255 1
007.png 48 780 240 19 29 20 255 0
008.png 40 1520 420 0 37 19 255 0
009.png 36 1410 520 1 44 27 255 0
010.png 24 1520 440 255 255 255 255 1
011.png 48 1010 180 254 254 216 255 1
012.png 36 800 350 255 254 250 255 1
013.png 36 820 220 10 28 39 255 0
014.png 48 1070 250 185 72 2 255 0
015.png 48 780 640 99 19 0 255 0
016.png 48 1050 280 1 40 69 255 0
017.png 48 1370 400 48 11 0 255 0
018.png 48 760 190 253 253 206 255 1
019.png 48 1200 270 66 20 92 255 0
020.png 48 830 220 255 255 255 255 1
021.png 48 1090 340 4 22 46 255 0
022.png 48 820 880 27 29 52 255 0
023.png 36 870 270 255 255 255 255 1
024.png 48 1120 220 253 250 205 255 1
